TK22 = 5518

TK22 =

        5518

sigma = 5.67 * 10^-8

sigma =

                  5.67e-08

FK22 = sigma*TK22^4

FK22 =

          52566594.6309889

RE = 6.371*10^6

RE =

     6371000

D = 5.5544*10^18

D =

                5.5544e+18

Distance = [0:D/99:D]

Distance =

  Columns 1 through 2

                         0      5.61050505050505e+16

  Columns 3 through 4

      1.12210101010101e+17      1.68315151515152e+17

  Columns 5 through 6

      2.24420202020202e+17      2.80525252525253e+17

  Columns 7 through 8

      3.36630303030303e+17      3.92735353535354e+17

  Columns 9 through 10

      4.48840404040404e+17      5.04945454545455e+17

  Columns 11 through 12

      5.61050505050505e+17      6.17155555555556e+17

  Columns 13 through 14

      6.73260606060606e+17      7.29365656565657e+17

  Columns 15 through 16

      7.85470707070707e+17      8.41575757575758e+17

  Columns 17 through 18

      8.97680808080808e+17      9.53785858585859e+17

  Columns 19 through 20

      1.00989090909091e+18      1.06599595959596e+18

  Columns 21 through 22

      1.12210101010101e+18      1.17820606060606e+18

  Columns 23 through 24

      1.23431111111111e+18      1.29041616161616e+18

  Columns 25 through 26

      1.34652121212121e+18      1.40262626262626e+18

  Columns 27 through 28

      1.45873131313131e+18      1.51483636363636e+18

  Columns 29 through 30

      1.57094141414141e+18      1.62704646464646e+18

  Columns 31 through 32

      1.68315151515152e+18      1.73925656565657e+18

  Columns 33 through 34

      1.79536161616162e+18      1.85146666666667e+18

  Columns 35 through 36

      1.90757171717172e+18      1.96367676767677e+18

  Columns 37 through 38

      2.01978181818182e+18      2.07588686868687e+18

  Columns 39 through 40

      2.13199191919192e+18      2.18809696969697e+18

  Columns 41 through 42

      2.24420202020202e+18      2.30030707070707e+18

  Columns 43 through 44

      2.35641212121212e+18      2.41251717171717e+18

  Columns 45 through 46

      2.46862222222222e+18      2.52472727272727e+18

  Columns 47 through 48

      2.58083232323232e+18      2.63693737373737e+18

  Columns 49 through 50

      2.69304242424242e+18      2.74914747474747e+18

  Columns 51 through 52

      2.80525252525253e+18      2.86135757575758e+18

  Columns 53 through 54

      2.91746262626263e+18      2.97356767676768e+18

  Columns 55 through 56

      3.02967272727273e+18      3.08577777777778e+18

  Columns 57 through 58

      3.14188282828283e+18      3.19798787878788e+18

  Columns 59 through 60

      3.25409292929293e+18      3.31019797979798e+18

  Columns 61 through 62

      3.36630303030303e+18      3.42240808080808e+18

  Columns 63 through 64

      3.47851313131313e+18      3.53461818181818e+18

  Columns 65 through 66

      3.59072323232323e+18      3.64682828282828e+18

  Columns 67 through 68

      3.70293333333333e+18      3.75903838383838e+18

  Columns 69 through 70

      3.81514343434343e+18      3.87124848484848e+18

  Columns 71 through 72

      3.92735353535354e+18      3.98345858585859e+18

  Columns 73 through 74

      4.03956363636364e+18      4.09566868686869e+18

  Columns 75 through 76

      4.15177373737374e+18      4.20787878787879e+18

  Columns 77 through 78

      4.26398383838384e+18      4.32008888888889e+18

  Columns 79 through 80

      4.37619393939394e+18      4.43229898989899e+18

  Columns 81 through 82

      4.48840404040404e+18      4.54450909090909e+18

  Columns 83 through 84

      4.60061414141414e+18      4.65671919191919e+18

  Columns 85 through 86

      4.71282424242424e+18      4.76892929292929e+18

  Columns 87 through 88

      4.82503434343434e+18      4.88113939393939e+18

  Columns 89 through 90

      4.93724444444444e+18      4.99334949494949e+18

  Columns 91 through 92

      5.04945454545455e+18       5.1055595959596e+18

  Columns 93 through 94

      5.16166464646465e+18       5.2177696969697e+18

  Columns 95 through 96

      5.27387474747475e+18       5.3299797979798e+18

  Columns 97 through 98

      5.38608484848485e+18       5.4421898989899e+18

  Columns 99 through 100

      5.49829494949495e+18                5.5544e+18

format long g
FM = FK22 * ((RE^2)./(Distance.^2))

FM =

  Columns 1 through 2

                       Inf      6.77830549406154e-13

  Columns 3 through 4

      1.69457637351538e-13      7.53145054895726e-14

  Columns 5 through 6

      4.23644093378846e-14      2.71132219762461e-14

  Columns 7 through 8

      1.88286263723932e-14      1.38332765184929e-14

  Columns 9 through 10

      1.05911023344711e-14      8.36827838773029e-15

  Columns 11 through 12

      6.77830549406154e-15        5.601905366993e-15

  Columns 13 through 14

      4.70715659309829e-15      4.01083165329085e-15

  Columns 15 through 16

      3.45831912962323e-15       3.0125802195829e-15

  Columns 17 through 18

      2.64777558361779e-15      2.34543442701091e-15

  Columns 19 through 20

      2.09206959693257e-15      1.87764695126358e-15

  Columns 21 through 22

      1.69457637351538e-15      1.53703072427699e-15

  Columns 23 through 24

      1.40047634174825e-15      1.28134319358441e-15

  Columns 25 through 26

      1.17678914827457e-15      1.08452887904985e-15

  Columns 27 through 28

      1.00270791332271e-15       9.2980870974781e-16

  Columns 29 through 30

      8.64579782405808e-16       8.0598162830696e-16

  Columns 31 through 32

      7.53145054895726e-16      7.05338761088609e-16

  Columns 33 through 34

      6.61943895904447e-16      6.22433929665889e-16

  Columns 35 through 36

      5.86358606752728e-16      5.53331060739717e-16

  Columns 37 through 38

      5.23017399233143e-16      4.95128231852559e-16

  Columns 39 through 40

      4.69411737815896e-16      4.45647961476761e-16

  Columns 41 through 42

      4.23644093378846e-16      4.03230546940008e-16

  Columns 43 through 44

      3.84257681069248e-16      3.66593049976286e-16

  Columns 45 through 46

      3.50119085437063e-16      3.34731135509212e-16

  Columns 47 through 48

      3.20335798396103e-16       3.0684950176829e-16

  Columns 49 through 50

      2.94197287068643e-16      2.82311765683529e-16

  Columns 51 through 52

      2.71132219762461e-16      2.60603825223435e-16

  Columns 53 through 54

      2.50676978330678e-16      2.41306710361749e-16

  Columns 55 through 56

      2.32452177436952e-16       2.2407621467972e-16

  Columns 57 through 58

      2.16144945601452e-16      2.08627439029287e-16

  Columns 59 through 60

       2.0149540707674e-16       1.9472293864009e-16

  Columns 61 through 62

      1.88286263723932e-16      1.82163544586443e-16

  Columns 63 through 64

      1.76334690272152e-16      1.70781191586332e-16

  Columns 65 through 66

      1.65485973976112e-16      1.60433266131634e-16

  Columns 67 through 68

      1.55608482416472e-16      1.50998117488562e-16

  Columns 69 through 70

      1.46589651688182e-16      1.42371465953823e-16

  Columns 71 through 72

      1.38332765184929e-16      1.34463509106557e-16

  Columns 73 through 74

      1.30754349808286e-16      1.27196575231029e-16

  Columns 75 through 76

       1.2378205796314e-16      1.20503208783316e-16

  Columns 77 through 78

      1.17352934453974e-16      1.14324599326388e-16

  Columns 79 through 80

       1.1141199036919e-16      1.08609285275782e-16

  Columns 81 through 82

      1.05911023344711e-16      1.03312078860868e-16

  Columns 83 through 84

      1.00807636735002e-16      9.83931701852451e-17

